g1: -4.08510113
g2: 0.00000000
g3: 0.00000000
g4: 0.00000000
g5: 0.00000000
g6: 0.00000000
g7: 0.00000000
g8: 0.00000000
g9: 0.00000000
g10: 0.00000000
