g1: -5.84543180
g2: -4.86578512
g3: -3.55100107
g4: -4.99552536
g5: -3.87960482
g6: -3.75528193
g7: -2.89775467
g8: -3.17518663
g9: -3.56891966
g10: -5.82104921
