g1: -3.69618249
g2: -3.92900729
g3: -3.11195564
g4: -4.22640181
g5: -4.00543785
g6: -3.79251981
g7: -3.64322352
g8: -3.96603703
g9: -3.21655893
g10: -3.98813224
