g1: -3.73144531
g2: -3.88574219
g3: -3.12695312
