g1: -3.69649887
g2: -3.92885971
g3: -3.11150360
g4: -4.22238922
g5: -4.00436783
g6: -3.79228973
g7: -3.64206696
g8: -3.96435928
g9: -3.21738052
g10: -3.98489380
