g1: -3.69616532
g2: -3.92901587
g3: -3.11198688
g4: -4.22666788
g5: -4.00550652
g6: -3.79253554
g7: -3.64329839
g8: -3.96614933
g9: -3.21650791
g10: -3.98834920
