g1: 0.16992188
g2: -0.13964844
g3: 0.15917969
