g1: -3.20868683
g2: -3.17034531
g3: -3.19825745
g4: -3.20342255
g5: -3.19248962
g6: -3.18746948
g7: -3.18017197
g8: -3.19248962
g9: -3.21743393
g10: -3.18430710
