g1: 0.00585938
g2: 0.02734375
g3: -0.07031250
g4: 0.25683594
g5: -0.29492188
g6: -0.18066406
g7: -0.10839844
g8: -0.29492188
g9: 0.32226562
g10: 0.87988281
