g1: -3.08493590
g2: -2.91413093
g3: -2.88391757
g4: -2.89891744
g5: -2.89694214
g6: -2.89125419
g7: -2.94578385
g8: -3.23717046
g9: -2.81951070
g10: -2.96847725
