g1: -2.31185722
g2: -3.19165874
g3: -2.43119764
g4: -2.50878906
g5: -2.99213719
g6: -2.77498221
g7: -2.49627209
g8: -2.33183575
g9: -2.73837447
g10: -2.86298227
