g1: -1.86914062
g2: -1.22949219
g3: -2.01953125
