g1: -1.92285156
g2: -1.48535156
g3: -1.95214844
