g1: -3.20038104
g2: -3.17450047
g3: -3.17501712
g4: -3.16764402
g5: -3.18327045
g6: -3.17491913
g7: -3.17498302
g8: -3.28406191
g9: -3.14572573
g10: -3.15903854
