g1: -3.19682026
g2: -3.17268729
g3: -3.17209864
g4: -3.16815186
g5: -3.18179512
g6: -3.17054963
g7: -3.17766476
g8: -3.28474283
g9: -3.13664341
g10: -3.17026520
