g1: -3.19641113
g2: -3.17229080
g3: -3.17169952
g4: -3.16774750
g5: -3.18138885
g6: -3.17014694
g7: -3.17725372
g8: -3.28430176
g9: -3.13625336
g10: -3.16984940
