g1: -3.69649887
g2: -3.92885971
g3: -3.11150360
g4: 0.00000000
g5: 0.00000000
g6: 0.00000000
g7: 0.00000000
g8: 0.00000000
g9: 0.00000000
g10: 0.00000000
