g1: -5.84573460
g2: -4.86564732
g3: -3.55078340
g4: -4.99557114
g5: -3.87946272
g6: -3.75512981
g7: -2.89770079
g8: -3.17494655
g9: -3.56888914
g10: -5.82135391
