g1: -5.84543133
g2: -4.86578703
g3: -3.55100346
g4: -4.99552250
g5: -3.87960863
g6: -3.75528479
g7: -2.89775658
g8: -3.17519021
g9: -3.56892371
g10: -5.82104874
