g1: -3.19641113
g2: -3.17249298
g3: -3.17459869
g4: -3.16721725
g5: -3.18284225
g6: -3.17449951
g7: -3.17455673
g8: -3.28359985
g9: -3.14530563
g10: -3.15861893
